$ 1 0.000005 18.278915558614752 50 5 43 5e-11
R 144 336 112 336 0 2 50 5 0 0 0.5
207 384 336 464 336 4 Trig
w 208 336 240 336 0
c 240 336 320 336 0 1e-8 0.4293316298978855 0.001
d 320 400 320 336 2 1N5711
w 368 32 432 32 0
r 240 336 240 400 0 330000
g 320 400 320 432 0 0
403 480 224 640 592 0 1_64_0_x101103_5.593561332649422_0.0001_-1_2_1_3
w 320 336 384 336 0
d 144 336 208 336 2 1N4148
r 384 336 384 400 0 100000
403 48 400 176 464 0 10_64_0_4105_0.0000762939453125_0.00009765625_-1_2_10_3
w 320 400 240 400 0
w 384 400 320 400 0
o 0 64 0 4107 10 0.00009765625 0 4 0 3 1 0 1 3
